2,-12,8
2,-11,10
2,-10,8
2,-9,8
2,-8,8
2,-7,10
2,-6,10
2,-5,8
2,-4,8
2,-3,8
2,-2,8
2,-1,8
4,-12,8
4,-11,10
4,-10,8
4,-9,8
4,-8,8
4,-7,10
4,-6,10
4,-5,8
4,-4,8
4,-3,8
4,-2,8
4,-1,8
5,-12,8
5,-11,10
5,-10,8
5,-9,8
5,-8,8
5,-7,10
5,-6,10
5,-5,8
5,-4,8
5,-3,8
5,-2,8
5,-1,8
6,-12,8
6,-11,10
6,-10,8
6,-9,8
6,-8,8
6,-7,10
6,-6,10
6,-5,8
6,-4,8
6,-3,8
6,-2,8
6,-1,8
7,-12,8
7,-11,10
7,-10,8
7,-9,8
7,-8,8
7,-7,10
7,-6,10
7,-5,8
7,-4,8
7,-3,8
7,-2,8
7,-1,8
8,-12,8
8,-11,10
8,-10,8
8,-9,8
8,-8,8
8,-7,10
8,-6,10
8,-5,8
8,-4,8
8,-3,8
8,-2,8
8,-1,8
10,-12,8
10,-11,10
10,-10,8
10,-9,8
10,-8,8
10,-7,10
10,-6,10
10,-5,8
10,-4,8
10,-3,8
10,-2,8
10,-1,8
11,-12,8
11,-11,10
11,-10,8
11,-9,8
11,-8,8
11,-7,10
11,-6,10
11,-5,8
11,-4,8
11,-3,8
11,-2,8
11,-1,8
12,-12,8
12,-11,10
12,-10,8
12,-9,8
12,-8,8
12,-7,10
12,-6,10
12,-5,8
12,-4,8
12,-3,8
12,-2,8
12,-1,8
13,-12,8
13,-11,10
13,-10,8
13,-9,8
13,-8,8
13,-7,10
13,-6,10
13,-5,8
13,-4,8
13,-3,8
13,-2,8
13,-1,8
14,-12,8
14,-11,10
14,-10,8
14,-9,8
14,-8,8
14,-7,10
14,-6,10
14,-5,8
14,-4,8
14,-3,8
14,-2,8
14,-1,8
15,-12,8
15,-11,10
15,-10,8
15,-9,8
15,-8,8
15,-7,10
15,-6,10
15,-5,8
15,-4,8
15,-3,8
15,-2,8
15,-1,8
17,-12,8
17,-11,10
17,-10,8
17,-9,8
17,-8,8
17,-7,10
17,-6,10
17,-5,8
17,-4,8
17,-3,8
17,-2,8
17,-1,8
18,-12,8
18,-11,10
18,-10,8
18,-9,8
18,-8,8
18,-7,10
18,-6,10
18,-5,8
18,-4,8
18,-3,8
18,-2,8
18,-1,8
19,-12,8
19,-11,10
19,-10,8
19,-9,8
19,-8,8
19,-7,10
19,-6,10
19,-5,8
19,-4,8
19,-3,8
19,-2,8
19,-1,8
20,-12,8
20,-11,10
20,-10,8
20,-9,8
20,-8,8
20,-7,10
20,-6,10
20,-5,8
20,-4,8
20,-3,8
20,-2,8
20,-1,8
23,-12,8
23,-11,10
23,-10,8
23,-9,8
23,-8,8
23,-7,10
23,-6,10
23,-5,8
23,-4,8
23,-3,8
23,-2,8
23,-1,8
24,-12,8
24,-11,10
24,-10,8
24,-9,8
24,-8,8
24,-7,10
24,-6,10
24,-5,8
24,-4,8
24,-3,8
24,-2,8
24,-1,8
26,-12,8
26,-11,10
26,-10,8
26,-9,8
26,-8,8
26,-7,10
26,-6,10
26,-5,8
26,-4,8
26,-3,8
26,-2,8
26,-1,8
27,-12,8
27,-11,10
27,-10,8
27,-9,8
27,-8,8
27,-7,10
27,-6,10
27,-5,8
27,-4,8
27,-3,8
27,-2,8
27,-1,8
28,-12,8
28,-11,10
28,-10,8
28,-9,8
28,-8,8
28,-7,10
28,-6,10
28,-5,8
28,-4,8
28,-3,8
28,-2,8
28,-1,8
29,-12,8
29,-11,10
29,-10,8
29,-9,8
29,-8,8
29,-7,10
29,-6,10
29,-5,8
29,-4,8
29,-3,8
29,-2,8
29,-1,8
30,-12,8
30,-11,10
30,-10,8
30,-9,8
30,-8,8
30,-7,10
30,-6,10
30,-5,8
30,-4,8
30,-3,8
30,-2,8
30,-1,8
32,-12,8
32,-11,10
32,-10,8
32,-9,8
32,-8,8
32,-7,10
32,-6,10
32,-5,8
32,-4,8
32,-3,8
32,-2,8
32,-1,8
33,-12,8
33,-11,10
33,-10,8
33,-9,8
33,-8,8
33,-7,10
33,-6,10
33,-5,8
33,-4,8
33,-3,8
33,-2,8
33,-1,5
34,-12,8
34,-11,10
34,-10,8
34,-9,8
34,-8,8
34,-7,10
34,-6,10
34,-5,8
34,-4,8
34,-3,8
34,-2,8
34,-1,8
35,-12,8
35,-11,10
35,-10,8
35,-9,8
35,-8,8
35,-7,10
35,-6,10
35,-5,8
35,-4,8
35,-3,8
35,-2,8
35,-1,8
37,-12,8
37,-11,10
37,-10,8
37,-9,8
37,-8,8
37,-7,10
37,-6,10
37,-5,8
37,-4,8
37,-3,8
37,-2,8
37,-1,8
38,-12,8
38,-11,10
38,-10,8
38,-9,8
38,-8,8
38,-7,10
38,-6,10
38,-5,8
38,-4,8
38,-3,8
38,-2,8
38,-1,8
39,-12,8
39,-11,10
39,-10,8
39,-9,8
39,-8,8
39,-7,10
39,-6,10
39,-5,8
39,-4,8
39,-3,8
39,-2,8
39,-1,4
40,-12,8
40,-11,10
40,-10,8
40,-9,8
40,-8,8
40,-7,10
40,-6,10
40,-5,8
40,-4,8
40,-3,8
40,-2,8
40,-1,8
41,-12,8
41,-11,10
41,-10,8
41,-9,8
41,-8,8
41,-7,10
41,-6,10
41,-5,8
41,-4,8
41,-3,8
41,-2,8
41,-1,8
42,-12,8
42,-11,10
42,-10,8
42,-9,8
42,-8,8
42,-7,10
42,-6,10
42,-5,8
42,-4,8
42,-3,8
42,-2,8
42,-1,6
43,-12,8
43,-11,10
43,-10,8
43,-9,8
43,-8,8
43,-7,10
43,-6,10
43,-5,8
43,-4,8
43,-3,8
43,-2,8
43,-1,8
45,-12,8
45,-11,10
45,-10,8
45,-9,8
45,-8,8
45,-7,10
45,-6,10
45,-5,8
45,-4,8
45,-3,8
45,-2,8
45,-1,8
46,-12,8
46,-11,10
46,-10,8
46,-9,8
46,-8,8
46,-7,10
46,-6,10
46,-5,8
46,-4,8
46,-3,8
46,-2,8
46,-1,8
47,-12,8
47,-11,10
47,-10,8
47,-9,8
47,-8,8
47,-7,10
47,-6,10
47,-5,8
47,-4,8
47,-3,8
47,-2,8
47,-1,8
49,-12,8
49,-11,10
49,-10,8
49,-9,8
49,-8,8
49,-7,10
49,-6,10
49,-5,8
49,-4,8
49,-3,8
49,-2,8
49,-1,8
50,-12,8
50,-11,10
50,-10,8
50,-9,8
50,-8,8
50,-7,10
50,-6,10
50,-5,8
50,-4,8
50,-3,8
50,-2,8
50,-1,8
53,-12,8
53,-11,10
53,-10,8
53,-9,8
53,-8,8
53,-7,10
53,-6,10
53,-5,8
53,-4,8
53,-3,8
53,-2,8
53,-1,8
54,-12,8
54,-11,10
54,-10,8
54,-9,8
54,-8,8
54,-7,10
54,-6,10
54,-5,8
54,-4,8
54,-3,8
54,-2,8
54,-1,8
56,-12,8
56,-11,10
56,-10,8
56,-9,8
56,-8,8
56,-7,10
56,-6,10
56,-5,8
56,-4,8
56,-3,8
56,-2,8
56,-1,8
58,-12,8
58,-11,10
58,-10,8
58,-9,8
58,-8,8
58,-7,10
58,-6,10
58,-5,8
58,-4,8
58,-3,8
58,-2,8
58,-1,8
59,-12,8
59,-11,10
59,-10,8
59,-9,8
59,-8,8
59,-7,10
59,-6,10
59,-5,8
59,-4,8
59,-3,8
59,-2,8
59,-1,8
60,-12,8
60,-11,10
60,-10,8
60,-9,8
60,-8,8
60,-7,10
60,-6,10
60,-5,8
60,-4,8
60,-3,8
60,-2,8
60,-1,8
62,-12,8
62,-11,10
62,-10,8
62,-9,8
62,-8,8
62,-7,10
62,-6,10
62,-5,8
62,-4,8
62,-3,8
62,-2,8
62,-1,8
65,-12,8
65,-11,10
65,-10,8
65,-9,8
65,-8,8
65,-7,10
65,-6,10
65,-5,8
65,-4,8
65,-3,8
65,-2,8
65,-1,8
66,-12,8
66,-11,10
66,-10,8
66,-9,8
66,-8,8
66,-7,10
66,-6,10
66,-5,8
66,-4,8
66,-3,8
66,-2,8
66,-1,8
67,-12,8
67,-11,10
67,-10,8
67,-9,8
67,-8,8
67,-7,10
67,-6,10
67,-5,8
67,-4,8
67,-3,8
67,-2,8
67,-1,8
68,-12,8
68,-11,10
68,-10,8
68,-9,8
68,-8,8
68,-7,10
68,-6,10
68,-5,8
68,-4,8
68,-3,8
68,-2,8
68,-1,8
72,-12,8
72,-11,10
72,-10,8
72,-9,8
72,-8,8
72,-7,10
72,-6,10
72,-5,8
72,-4,8
72,-3,8
72,-2,8
72,-1,8
73,-12,8
73,-11,10
73,-10,8
73,-9,8
73,-8,8
73,-7,10
73,-6,10
73,-5,8
73,-4,8
73,-3,8
73,-2,8
73,-1,8
74,-12,8
74,-11,10
74,-10,8
74,-9,8
74,-8,8
74,-7,10
74,-6,10
74,-5,8
74,-4,8
74,-3,8
74,-2,8
74,-1,8
75,-12,8
75,-11,10
75,-10,8
75,-9,8
75,-8,8
75,-7,10
75,-6,10
75,-5,8
75,-4,8
75,-3,8
75,-2,8
75,-1,8
76,-12,8
76,-11,10
76,-10,8
76,-9,8
76,-8,8
76,-7,10
76,-6,10
76,-5,8
76,-4,8
76,-3,8
76,-2,8
76,-1,8
77,-12,8
77,-11,10
77,-10,8
77,-9,8
77,-8,8
77,-7,10
77,-6,10
77,-5,8
77,-4,8
77,-3,8
77,-2,8
77,-1,8
78,-12,8
78,-11,10
78,-10,8
78,-9,8
78,-8,8
78,-7,10
78,-6,10
78,-5,8
78,-4,8
78,-3,8
78,-2,8
78,-1,8
79,-12,8
79,-11,10
79,-10,8
79,-9,8
79,-8,8
79,-7,10
79,-6,10
79,-5,8
79,-4,8
79,-3,8
79,-2,8
79,-1,8
80,-12,8
80,-11,10
80,-10,8
80,-9,8
80,-8,8
80,-7,10
80,-6,10
80,-5,8
80,-4,8
80,-3,8
80,-2,8
80,-1,8
81,-12,8
81,-11,10
81,-10,8
81,-9,8
81,-8,8
81,-7,10
81,-6,10
81,-5,8
81,-4,8
81,-3,8
81,-2,8
81,-1,8
82,-12,8
82,-11,10
82,-10,8
82,-9,8
82,-8,8
82,-7,10
82,-6,10
82,-5,8
82,-4,8
82,-3,8
82,-2,8
82,-1,8
84,-12,8
84,-11,10
84,-10,8
84,-9,8
84,-8,8
84,-7,10
84,-6,10
84,-5,8
84,-4,8
84,-3,8
84,-2,8
84,-1,8
85,-12,8
85,-11,10
85,-10,8
85,-9,8
85,-8,8
85,-7,10
85,-6,10
85,-5,8
85,-4,8
85,-3,8
85,-2,8
85,-1,8
86,-12,8
86,-11,10
86,-10,8
86,-9,8
86,-8,8
86,-7,10
86,-6,10
86,-5,8
86,-4,8
86,-3,8
86,-2,8
86,-1,8
87,-12,8
87,-11,10
87,-10,8
87,-9,8
87,-8,8
87,-7,10
87,-6,10
87,-5,8
87,-4,8
87,-3,8
87,-2,8
87,-1,8
89,-12,8
89,-11,10
89,-10,8
89,-9,8
89,-8,8
89,-7,10
89,-6,10
89,-5,8
89,-4,8
89,-3,8
89,-2,8
89,-1,8
90,-12,8
90,-11,10
90,-10,8
90,-9,8
90,-8,8
90,-7,10
90,-6,10
90,-5,8
90,-4,8
90,-3,8
90,-2,8
90,-1,8
91,-12,8
91,-11,10
91,-10,8
91,-9,8
91,-8,8
91,-7,10
91,-6,10
91,-5,8
91,-4,8
91,-3,8
91,-2,8
91,-1,8
92,-12,8
92,-11,10
92,-10,8
92,-9,8
92,-8,8
92,-7,10
92,-6,10
92,-5,8
92,-4,8
92,-3,8
92,-2,8
92,-1,8
93,-12,8
93,-11,10
93,-10,8
93,-9,8
93,-8,8
93,-7,10
93,-6,10
93,-5,8
93,-4,8
93,-3,8
93,-2,8
93,-1,8
94,-12,8
94,-11,10
94,-10,8
94,-9,8
94,-8,8
94,-7,10
94,-6,10
94,-5,8
94,-4,8
94,-3,8
94,-2,8
94,-1,8
95,-12,8
95,-11,10
95,-10,8
95,-9,8
95,-8,8
95,-7,10
95,-6,10
95,-5,8
95,-4,8
95,-3,8
95,-2,8
95,-1,8
96,-12,8
96,-11,10
96,-10,8
96,-9,8
96,-8,8
96,-7,10
96,-6,10
96,-5,8
96,-4,8
96,-3,8
96,-2,8
96,-1,8
97,-12,8
97,-11,10
97,-10,8
97,-9,8
97,-8,8
97,-7,10
97,-6,10
97,-5,8
97,-4,8
97,-3,8
97,-2,8
97,-1,8
98,-12,8
98,-11,10
98,-10,8
98,-9,8
98,-8,8
98,-7,10
98,-6,10
98,-5,8
98,-4,8
98,-3,8
98,-2,8
98,-1,8
