#2024/03/12 00:09:49,Optimal
2,0,8
2,1,8
2,2,10
2,3,8
2,4,8
2,5,8
2,6,8
2,7,8
2,8,10
2,9,10
2,10,8
2,11,8
2,12,8
2,13,8
2,14,8
2,15,8
2,16,10
2,17,8
2,18,8
2,19,10
2,20,8
2,21,8
2,22,10
2,23,10
2,24,8
2,25,8
2,26,8
2,27,8
2,28,8
2,29,8
2,30,10
4,0,8
4,1,25
4,2,10
4,3,8
4,4,8
4,5,8
4,6,8
4,7,8
4,8,10
4,9,10
4,10,8
4,11,8
4,12,8
4,13,8
4,14,8
4,15,10
4,16,10
4,17,8
4,18,60
4,19,10
4,20,8
4,21,8
4,22,25
4,23,10
4,24,8
4,25,8
4,26,8
4,27,8
4,28,8
4,29,25
4,30,10
5,0,8
5,1,8
5,2,10
5,3,8
5,4,8
5,5,8
5,6,8
5,7,8
5,8,10
5,9,10
5,10,11
5,11,61
5,12,10
5,13,8
5,14,9
5,15,9
5,16,9
5,17,10
5,18,8
5,19,10
5,20,8
5,21,8
5,22,10
5,23,10
5,24,8
5,25,8
5,26,8
5,27,8
5,28,8
5,29,8
5,30,10
7,0,8
7,1,8
7,2,10
7,3,8
7,4,8
7,5,8
7,6,8
7,7,8
7,8,10
7,9,10
7,10,8
7,11,8
7,12,8
7,13,8
7,14,8
7,15,8
7,16,10
7,17,8
7,18,8
7,19,10
7,20,8
7,21,60
7,22,10
7,23,10
7,24,8
7,25,8
7,26,8
7,27,8
7,28,8
7,29,8
7,30,10
8,0,8
8,1,6
8,2,7
8,3,8
8,4,10
8,5,8
8,6,11
8,7,11
8,8,2
8,9,10
8,10,8
8,11,8
8,12,10
8,13,10
8,14,8
8,15,8
8,16,6
8,17,7
8,18,8
8,19,10
8,20,8
8,21,8
8,22,10
8,23,10
8,24,8
8,25,8
8,26,10
8,27,8
8,28,8
8,29,8
8,30,10
8,31,70
9,0,8
9,1,8
9,2,10
9,3,8
9,4,8
9,5,8
9,6,8
9,7,8
9,8,10
9,9,10
9,10,8
9,11,8
9,12,8
9,13,8
9,14,8
9,15,8
9,16,10
9,17,8
9,18,8
9,19,10
9,20,60
9,21,8
9,22,10
9,23,10
9,24,8
9,25,8
9,26,8
9,27,8
9,28,8
9,29,8
9,30,10
10,0,10
10,1,8
10,2,10
10,3,8
10,4,10
10,5,8
10,6,8
10,7,8
10,8,10
10,9,3
10,10,8
10,11,10
10,12,8
10,13,10
10,14,8
10,15,8
10,16,10
10,17,8
10,18,8
10,19,10
10,20,8
10,21,8
10,22,10
10,23,3
10,24,8
10,25,8
10,26,8
10,27,8
10,28,8
10,29,10
10,30,3
11,0,8
11,1,11
11,2,10
11,3,8
11,4,6
11,5,7
11,6,10
11,7,8
11,8,10
11,9,10
11,10,8
11,11,8
11,12,11
11,13,11
11,14,8
11,15,8
11,16,10
11,17,6
11,18,7
11,19,10
11,20,11
11,21,61
11,22,2
11,23,10
11,24,8
11,25,8
11,26,8
11,27,8
11,28,10
11,29,8
11,30,10
11,31,70
12,0,8
12,1,8
12,2,10
12,3,4
12,4,7
12,5,8
12,6,10
12,7,8
12,8,10
12,9,10
12,10,8
12,11,8
12,12,8
12,13,8
12,14,8
12,15,8
12,16,10
12,17,4
12,18,7
12,19,10
12,20,8
12,21,8
12,22,10
12,23,10
12,24,11
12,25,11
12,26,11
12,27,61
12,28,8
12,29,4
12,30,7
13,0,8
13,1,8
13,2,10
13,3,8
13,4,8
13,5,8
13,6,8
13,7,8
13,8,10
13,9,10
13,10,8
13,11,8
13,12,8
13,13,8
13,14,8
13,15,8
13,16,10
13,17,60
13,18,8
13,19,10
13,20,8
13,21,8
13,22,10
13,23,10
13,24,8
13,25,8
13,26,8
13,27,8
13,28,8
13,29,8
13,30,10
14,0,8
14,1,8
14,2,10
14,3,8
14,4,8
14,5,8
14,6,8
14,7,8
14,8,10
14,9,10
14,10,8
14,11,8
14,12,8
14,13,8
14,14,8
14,15,8
14,16,10
14,17,8
14,18,8
14,19,10
14,20,8
14,21,8
14,22,10
14,23,10
14,24,8
14,25,8
14,26,8
14,27,8
14,28,8
14,29,8
14,30,10
15,0,8
15,1,8
15,2,10
15,3,8
15,4,8
15,5,8
15,6,8
15,7,8
15,8,6
15,9,7
15,10,8
15,11,8
15,12,10
15,13,8
15,14,11
15,15,61
15,16,2
15,17,8
15,18,8
15,19,10
15,20,8
15,21,8
15,22,10
15,23,10
15,24,8
15,25,10
15,26,8
15,27,10
15,28,8
15,29,8
15,30,10
15,31,70
16,0,8
16,1,8
16,2,10
16,3,8
16,4,8
16,5,8
16,6,8
16,7,8
16,8,10
16,9,10
16,10,8
16,11,8
16,12,8
16,13,8
16,14,8
16,15,8
16,16,10
16,17,8
16,18,8
16,19,10
16,20,8
16,21,8
16,22,10
16,23,10
16,24,8
16,25,8
16,26,8
16,27,8
16,28,8
16,29,8
16,30,10
17,0,8
17,1,8
17,2,10
17,3,31
17,4,31
17,5,31
17,6,31
17,7,31
17,8,3
17,9,10
17,10,8
17,11,10
17,12,8
17,13,8
17,14,8
17,15,8
17,16,10
17,17,11
17,18,11
17,19,10
17,20,11
17,21,61
17,22,10
17,23,10
17,24,8
17,25,8
17,26,8
17,27,8
17,28,10
17,29,8
17,30,3
18,0,8
18,1,8
18,2,10
18,3,8
18,4,8
18,5,8
18,6,8
18,7,8
18,8,3
18,9,10
18,10,8
18,11,8
18,12,8
18,13,10
18,14,8
18,15,8
18,16,10
18,17,8
18,18,10
18,19,3
18,20,8
18,21,11
18,22,10
18,23,10
18,24,11
18,25,11
18,26,11
18,27,61
18,28,8
18,29,8
18,30,10
19,0,8
19,1,60
19,2,10
19,3,8
19,4,8
19,5,8
19,6,8
19,7,8
19,8,10
19,9,10
19,10,8
19,11,8
19,12,8
19,13,8
19,14,8
19,15,60
19,16,10
19,17,8
19,18,8
19,19,10
19,20,8
19,21,8
19,22,10
19,23,10
19,24,8
19,25,8
19,26,8
19,27,8
19,28,8
19,29,60
19,30,10
20,0,8
20,1,25
20,2,10
20,3,11
20,4,8
20,5,8
20,6,8
20,7,10
20,8,25
20,9,10
20,10,8
20,11,61
20,12,8
20,13,8
20,14,8
20,15,25
20,16,10
20,17,8
20,18,8
20,19,10
20,20,8
20,21,8
20,22,10
20,23,10
20,24,11
20,25,11
20,26,11
20,27,11
20,28,61
20,29,8
20,30,10
22,0,10
22,1,8
22,2,10
22,3,8
22,4,8
22,5,8
22,6,8
22,7,8
22,8,10
22,9,10
22,10,8
22,11,8
22,12,8
22,13,10
22,14,8
22,15,6
22,16,7
22,17,8
22,18,8
22,19,10
22,20,8
22,21,8
22,22,10
22,23,2
22,24,8
22,25,8
22,26,10
22,27,8
22,28,11
22,29,61
22,30,10
23,0,8
23,1,8
23,2,10
23,3,8
23,4,8
23,5,8
23,6,8
23,7,8
23,8,10
23,9,10
23,10,8
23,11,8
23,12,8
23,13,8
23,14,8
23,15,8
23,16,10
23,17,8
23,18,8
23,19,10
23,20,8
23,21,60
23,22,10
23,23,10
23,24,8
23,25,8
23,26,8
23,27,8
23,28,8
23,29,8
23,30,10
24,0,8
24,1,60
24,2,10
24,3,8
24,4,8
24,5,8
24,6,8
24,7,8
24,8,10
24,9,10
24,10,8
24,11,8
24,12,8
24,13,8
24,14,8
24,15,60
24,16,10
24,17,8
24,18,8
24,19,10
24,20,8
24,21,8
24,22,10
24,23,10
24,24,11
24,25,11
24,26,11
24,27,11
24,28,61
24,29,60
24,30,10
26,0,8
26,1,8
26,2,10
26,3,4
26,4,7
26,5,8
26,6,10
26,7,8
26,8,10
26,9,10
26,10,8
26,11,8
26,12,8
26,13,8
26,14,10
26,15,8
26,16,10
26,17,8
26,18,8
26,19,10
26,20,4
26,21,7
26,22,10
26,23,10
26,24,11
26,25,11
26,26,11
26,27,11
26,28,11
26,29,11
26,30,0
27,0,10
27,1,5
27,2,7
27,3,61
27,4,8
27,5,8
27,6,8
27,7,8
27,8,10
27,9,10
27,10,8
27,11,8
27,12,8
27,13,8
27,14,8
27,15,8
27,16,10
27,17,4
27,18,7
27,19,10
27,20,8
27,21,8
27,22,4
27,23,7
27,24,10
27,25,8
27,26,8
27,27,10
27,28,5
27,29,7
27,30,10
28,0,8
28,1,28
28,2,10
28,3,8
28,4,8
28,5,8
28,6,8
28,7,8
28,8,10
28,9,10
28,10,8
28,11,8
28,12,6
28,13,7
28,14,8
28,15,8
28,16,10
28,17,5
28,18,7
28,19,10
28,20,11
28,21,61
28,22,10
28,23,10
28,24,8
28,25,8
28,26,6
28,27,7
28,28,8
28,29,8
28,30,10
29,0,8
29,1,10
29,2,2
29,3,8
29,4,8
29,5,8
29,6,8
29,7,8
29,8,10
29,9,10
29,10,8
29,11,8
29,12,8
29,13,8
29,14,8
29,15,8
29,16,10
29,17,8
29,18,8
29,19,10
29,20,8
29,21,8
29,22,3
29,23,10
29,24,8
29,25,10
29,26,8
29,27,8
29,28,8
29,29,8
29,30,10
30,0,8
30,1,8
30,2,10
30,3,8
30,4,4
30,5,7
30,6,8
30,7,8
30,8,10
30,9,1
30,10,10
30,11,8
30,12,8
30,13,8
30,14,11
30,15,11
30,16,10
30,17,11
30,18,11
30,19,10
30,20,11
30,21,61
30,22,10
30,23,10
30,24,5
30,25,7
30,26,8
30,27,8
30,28,8
30,29,8
30,30,10
32,0,8
32,1,25
32,2,10
32,3,8
32,4,8
32,5,8
32,6,8
32,7,8
32,8,25
32,9,10
32,10,8
32,11,8
32,12,8
32,13,10
32,14,8
32,15,10
32,16,10
32,17,11
32,18,11
32,19,10
32,20,61
32,21,8
32,22,10
32,23,25
32,24,8
32,25,8
32,26,8
32,27,8
32,28,8
32,29,25
32,30,10
33,0,8
33,1,8
33,2,10
33,3,8
33,4,8
33,5,8
33,6,8
33,7,8
33,8,10
33,9,10
33,10,8
33,11,8
33,12,8
33,13,4
33,14,7
33,15,28
33,16,10
33,17,8
33,18,8
33,19,10
33,20,5
33,21,7
33,22,10
33,23,10
33,24,8
33,25,8
33,26,4
33,27,7
33,28,8
33,29,8
33,30,10
34,0,9
34,1,8
34,2,10
34,3,8
34,4,8
34,5,10
34,6,8
34,7,10
34,8,0
34,9,10
34,10,8
34,11,8
34,12,8
34,13,10
34,14,8
34,15,8
34,16,10
34,17,8
34,18,4
34,19,7
34,20,8
34,21,8
34,22,10
34,23,1
34,24,8
34,25,8
34,26,8
34,27,8
34,28,8
34,29,8
34,30,10
35,0,4
35,1,7
35,2,10
35,3,8
35,4,8
35,5,10
35,6,8
35,7,8
35,8,10
35,9,10
35,10,8
35,11,8
35,12,11
35,13,11
35,14,61
35,15,8
35,16,10
35,17,8
35,18,8
35,19,10
35,20,8
35,21,8
35,22,10
35,23,6
35,24,7
35,25,8
35,26,8
35,27,8
35,28,8
35,29,8
35,30,10
35,31,70
36,0,8
36,1,61
36,2,10
36,3,8
36,4,8
36,5,8
36,6,8
36,7,8
36,8,25
36,9,10
36,10,8
36,11,8
36,12,10
36,13,8
36,14,8
36,15,25
36,16,10
36,17,8
36,18,8
36,19,10
36,20,8
36,21,10
36,22,10
36,23,25
36,24,8
36,25,8
36,26,8
36,27,8
36,28,8
36,29,8
36,30,10
37,0,8
37,1,10
37,2,4
37,3,7
37,4,8
37,5,10
37,6,8
37,7,8
37,8,10
37,9,4
37,10,7
37,11,8
37,12,8
37,13,8
37,14,8
37,15,8
37,16,10
37,17,8
37,18,8
37,19,10
37,20,8
37,21,8
37,22,10
37,23,10
37,24,8
37,25,8
37,26,10
37,27,8
37,28,8
37,29,28
37,30,10
38,0,8
38,1,10
38,2,5
38,3,7
38,4,8
38,5,8
38,6,8
38,7,4
38,8,7
38,9,10
38,10,61
38,11,8
38,12,5
38,13,7
38,14,8
38,15,8
38,16,10
38,17,8
38,18,8
38,19,10
38,20,8
38,21,8
38,22,10
38,23,1
38,24,10
38,25,8
38,26,8
38,27,10
38,28,8
38,29,8
38,30,10
39,0,8
39,1,8
39,2,10
39,3,5
39,4,7
39,5,8
39,6,8
39,7,10
39,8,0
39,9,10
39,10,8
39,11,8
39,12,8
39,13,8
39,14,8
39,15,8
39,16,10
39,17,8
39,18,8
39,19,10
39,20,8
39,21,5
39,22,7
39,23,10
39,24,8
39,25,8
39,26,8
39,27,8
39,28,8
39,29,8
39,30,10
40,0,8
40,1,60
40,2,10
40,3,8
40,4,8
40,5,8
40,6,8
40,7,8
40,8,10
40,9,10
40,10,8
40,11,8
40,12,8
40,13,8
40,14,8
40,15,60
40,16,10
40,17,60
40,18,8
40,19,10
40,20,8
40,21,8
40,22,10
40,23,10
40,24,8
40,25,8
40,26,8
40,27,8
40,28,8
40,29,60
40,30,10
41,0,8
41,1,25
41,2,10
41,3,8
41,4,8
41,5,8
41,6,8
41,7,8
41,8,10
41,9,10
41,10,8
41,11,8
41,12,10
41,13,8
41,14,8
41,15,25
41,16,10
41,17,8
41,18,8
41,19,10
41,20,8
41,21,8
41,22,25
41,23,10
41,24,8
41,25,8
41,26,8
41,27,8
41,28,8
41,29,8
41,30,10
42,0,7
42,1,8
42,2,10
42,3,8
42,4,8
42,5,10
42,6,8
42,7,8
42,8,10
42,9,10
42,10,8
42,11,10
42,12,8
42,13,8
42,14,8
42,15,10
42,16,0
42,17,8
42,18,8
42,19,4
42,20,7
42,21,8
42,22,10
42,23,10
42,24,11
42,25,11
42,26,61
42,27,8
42,28,8
42,29,8
42,30,2
43,0,8
43,1,10
43,2,10
43,3,8
43,4,8
43,5,8
43,6,8
43,7,8
43,8,10
43,9,10
43,10,11
43,11,11
43,12,8
43,13,8
43,14,8
43,15,25
43,16,10
43,17,60
43,18,60
43,19,10
43,20,8
43,21,8
43,22,25
43,23,10
43,24,8
43,25,8
43,26,8
43,27,8
43,28,8
43,29,25
43,30,10
44,0,8
44,1,8
44,2,10
44,3,8
44,4,8
44,5,8
44,6,8
44,7,8
44,8,10
44,9,10
44,10,4
44,11,7
44,12,8
44,13,10
44,14,8
44,15,8
44,16,10
44,17,8
44,18,8
44,19,10
44,20,8
44,21,8
44,22,0
44,23,10
44,24,8
44,25,8
44,26,8
44,27,8
44,28,8
44,29,8
44,30,10
45,0,8
45,1,8
45,2,10
45,3,8
45,4,8
45,5,8
45,6,10
45,7,8
45,8,4
45,9,7
45,10,10
45,11,8
45,12,8
45,13,8
45,14,8
45,15,10
45,16,4
45,17,7
45,18,8
45,19,10
45,20,8
45,21,8
45,22,10
45,23,10
45,24,8
45,25,8
45,26,8
45,27,8
45,28,8
45,29,8
45,30,10
46,0,8
46,1,8
46,2,10
46,3,8
46,4,8
46,5,8
46,6,8
46,7,8
46,8,10
46,9,10
46,10,8
46,11,8
46,12,8
46,13,8
46,14,8
46,15,8
46,16,10
46,17,8
46,18,60
46,19,10
46,20,8
46,21,8
46,22,10
46,23,10
46,24,8
46,25,8
46,26,8
46,27,8
46,28,8
46,29,8
46,30,10
47,0,8
47,1,8
47,2,10
47,3,8
47,4,8
47,5,8
47,6,8
47,7,8
47,8,10
47,9,10
47,10,8
47,11,8
47,12,8
47,13,8
47,14,8
47,15,8
47,16,10
47,17,8
47,18,8
47,19,10
47,20,8
47,21,8
47,22,10
47,23,10
47,24,8
47,25,8
47,26,8
47,27,8
47,28,8
47,29,8
47,30,10
49,0,8
49,1,28
49,2,10
49,3,8
49,4,8
49,5,8
49,6,8
49,7,8
49,8,10
49,9,10
49,10,8
49,11,10
49,12,8
49,13,8
49,14,4
49,15,7
49,16,10
49,17,8
49,18,8
49,19,10
49,20,8
49,21,8
49,22,10
49,23,4
49,24,7
49,25,8
49,26,8
49,27,8
49,28,8
49,29,8
49,30,10
50,0,8
50,1,8
50,2,10
50,3,8
50,4,10
50,5,8
50,6,8
50,7,10
50,8,5
50,9,7
50,10,10
50,11,8
50,12,8
50,13,8
50,14,8
50,15,8
50,16,10
50,17,8
50,18,8
50,19,10
50,20,8
50,21,10
50,22,1
50,23,10
50,24,8
50,25,10
50,26,8
50,27,8
50,28,8
50,29,5
50,30,7
53,0,8
53,1,8
53,2,10
53,3,8
53,4,8
53,5,8
53,6,4
53,7,7
53,8,10
53,9,10
53,10,8
53,11,8
53,12,10
53,13,8
53,14,8
53,15,8
53,16,10
53,17,8
53,18,8
53,19,6
53,20,7
53,21,8
53,22,10
53,23,10
53,24,8
53,25,8
53,26,8
53,27,8
53,28,4
53,29,7
53,30,10
54,0,8
54,1,8
54,2,10
54,3,11
54,4,11
54,5,11
54,6,11
54,7,61
54,8,10
54,9,10
54,10,8
54,11,8
54,12,8
54,13,8
54,14,8
54,15,25
54,16,10
54,17,8
54,18,8
54,19,10
54,20,8
54,21,8
54,22,25
54,23,10
54,24,10
54,25,8
54,26,8
54,27,8
54,28,10
54,29,25
54,30,10
56,0,8
56,1,25
56,2,10
56,3,8
56,4,8
56,5,8
56,6,10
56,7,8
56,8,10
56,9,10
56,10,11
56,11,8
56,12,8
56,13,8
56,14,10
56,15,25
56,16,3
56,17,8
56,18,8
56,19,10
56,20,8
56,21,8
56,22,10
56,23,3
56,24,8
56,25,8
56,26,8
56,27,8
56,28,8
56,29,25
56,30,10
58,0,8
58,1,10
58,2,0
58,3,10
58,4,8
58,5,10
58,6,8
58,7,8
58,8,10
58,9,10
58,10,8
58,11,8
58,12,4
58,13,7
58,14,8
58,15,8
58,16,10
58,17,8
58,18,8
58,19,10
58,20,8
58,21,8
58,22,6
58,23,7
58,24,8
58,25,8
58,26,11
58,27,11
58,28,61
58,29,8
58,30,10
60,0,6
60,1,7
60,2,10
60,3,8
60,4,8
60,5,11
60,6,61
60,7,8
60,8,10
60,9,1
60,10,8
60,11,10
60,12,8
60,13,8
60,14,8
60,15,5
60,16,7
60,17,10
60,18,8
60,19,0
60,20,8
60,21,8
60,22,10
60,23,10
60,24,8
60,25,8
60,26,8
60,27,8
60,28,8
60,29,8
60,30,10
60,31,9
62,0,10
62,1,8
62,2,10
62,3,11
62,4,61
62,5,8
62,6,6
62,7,7
62,8,25
62,9,10
62,10,8
62,11,10
62,12,8
62,13,8
62,14,8
62,15,10
62,16,3
62,17,8
62,18,8
62,19,10
62,20,8
62,21,8
62,22,25
62,23,10
62,24,8
62,25,8
62,26,8
62,27,6
62,28,7
62,29,25
62,30,10
64,0,8
64,1,8
64,2,1
64,3,10
64,4,8
64,5,10
64,6,8
64,7,8
64,8,10
64,9,10
64,10,8
64,11,5
64,12,7
64,13,8
64,14,8
64,15,8
64,16,10
64,17,8
64,18,8
64,19,10
64,20,8
64,21,8
64,22,1
64,23,10
64,24,8
64,25,8
64,26,8
64,27,8
64,28,8
64,29,8
64,30,10
65,0,8
65,1,8
65,2,10
65,3,8
65,4,8
65,5,8
65,6,8
65,7,8
65,8,10
65,9,6
65,10,7
65,11,10
65,12,8
65,13,8
65,14,10
65,15,8
65,16,10
65,17,8
65,18,8
65,19,4
65,20,7
65,21,8
65,22,10
65,23,10
65,24,6
65,25,7
65,26,8
65,27,6
65,28,7
65,29,8
65,30,10
65,31,4
66,0,8
66,1,8
66,2,10
66,3,8
66,4,10
66,5,8
66,6,10
66,7,8
66,8,10
66,9,3
66,10,8
66,11,10
66,12,8
66,13,8
66,14,8
66,15,25
66,16,10
66,17,8
66,18,10
66,19,3
66,20,8
66,21,8
66,22,25
66,23,10
66,24,8
66,25,8
66,26,8
66,27,8
66,28,10
66,29,25
66,30,10
67,0,8
67,1,8
67,2,10
67,3,8
67,4,8
67,5,8
67,6,8
67,7,8
67,8,10
67,9,5
67,10,7
67,11,8
67,12,8
67,13,8
67,14,10
67,15,8
67,16,10
67,17,8
67,18,8
67,19,10
67,20,8
67,21,4
67,22,7
67,23,10
67,24,8
67,25,10
67,26,8
67,27,8
67,28,10
67,29,8
67,30,5
67,31,7
68,0,60
68,1,60
68,2,3
68,3,60
68,4,60
68,5,5
68,6,7
68,7,8
68,8,10
68,9,10
68,10,8
68,11,8
68,12,8
68,13,10
68,14,8
68,15,8
68,16,10
68,17,8
68,18,8
68,19,10
68,20,8
68,21,8
68,22,10
68,23,10
68,24,8
68,25,8
68,26,8
68,27,8
68,28,8
68,29,28
68,30,10
72,0,8
72,1,8
72,2,10
72,3,8
72,4,8
72,5,6
72,6,7
72,7,8
72,8,10
72,9,6
72,10,7
72,11,8
72,12,8
72,13,8
72,14,8
72,15,8
72,16,10
72,17,8
72,18,8
72,19,2
72,20,8
72,21,8
72,22,10
72,23,10
72,24,8
72,25,6
72,26,7
72,27,10
72,28,8
72,29,8
72,30,10
72,31,6
73,0,8
73,1,8
73,2,10
73,3,8
73,4,5
73,5,7
73,6,8
73,7,8
73,8,10
73,9,10
73,10,8
73,11,8
73,12,8
73,13,8
73,14,8
73,15,8
73,16,10
73,17,8
73,18,5
73,19,7
73,20,10
73,21,8
73,22,10
73,23,10
73,24,8
73,25,8
73,26,5
73,27,7
73,28,8
73,29,8
73,30,10
74,0,8
74,1,8
74,2,10
74,3,8
74,4,8
74,5,8
74,6,10
74,7,8
74,8,10
74,9,10
74,10,8
74,11,8
74,12,8
74,13,8
74,14,8
74,15,8
74,16,10
74,17,8
74,18,10
74,19,5
74,20,7
74,21,8
74,22,10
74,23,10
74,24,6
74,25,7
74,26,8
74,27,8
74,28,8
74,29,8
74,30,6
74,31,7
75,0,8
75,1,8
75,2,10
75,3,8
75,4,8
75,5,10
75,6,8
75,7,8
75,8,10
75,9,10
75,10,8
75,11,8
75,12,10
75,13,8
75,14,8
75,15,8
75,16,5
75,17,7
75,18,8
75,19,10
75,20,8
75,21,5
75,22,7
75,23,10
75,24,8
75,25,8
75,26,10
75,27,8
75,28,5
75,29,7
75,30,10
76,0,7
76,1,8
76,2,10
76,3,6
76,4,7
76,5,8
76,6,10
76,7,8
76,8,1
76,9,10
76,10,8
76,11,10
76,12,8
76,13,8
76,14,8
76,15,8
76,16,10
76,17,11
76,18,11
76,19,10
76,20,11
76,21,61
76,22,10
76,23,10
76,24,8
76,25,8
76,26,8
76,27,8
76,28,8
76,29,6
76,30,7
77,0,8
77,1,8
77,2,10
77,3,11
77,4,11
77,5,11
77,6,11
77,7,11
77,8,10
77,9,10
77,10,8
77,11,4
77,12,7
77,13,8
77,14,8
77,15,8
77,16,10
77,17,8
77,18,8
77,19,10
77,20,8
77,21,8
77,22,10
77,23,10
77,24,8
77,25,8
77,26,8
77,27,4
77,28,7
77,29,8
77,30,10
78,0,10
78,1,8
78,2,10
78,3,8
78,4,8
78,5,8
78,6,8
78,7,8
78,8,1
78,9,10
78,10,8
78,11,8
78,12,8
78,13,8
78,14,8
78,15,8
78,16,10
78,17,8
78,18,8
78,19,1
78,20,10
78,21,8
78,22,10
78,23,10
78,24,8
78,25,8
78,26,8
78,27,8
78,28,8
78,29,10
78,30,1
79,0,8
79,1,10
79,2,3
79,3,61
79,4,8
79,5,8
79,6,8
79,7,8
79,8,10
79,9,10
79,10,8
79,11,8
79,12,8
79,13,10
79,14,8
79,15,8
79,16,10
79,17,8
79,18,8
79,19,10
79,20,8
79,21,8
79,22,3
79,23,10
79,24,8
79,25,8
79,26,8
79,27,8
79,28,8
79,29,8
79,30,10
81,0,8
81,1,8
81,2,10
81,3,8
81,4,8
81,5,4
81,6,7
81,7,8
81,8,10
81,9,10
81,10,8
81,11,8
81,12,8
81,13,8
81,14,8
81,15,8
81,16,10
81,17,8
81,18,8
81,19,10
81,20,8
81,21,8
81,22,10
81,23,10
81,24,8
81,25,4
81,26,7
81,27,8
81,28,8
81,29,8
81,30,10
82,0,5
82,1,7
82,2,10
82,3,8
82,4,8
82,5,8
82,6,8
82,7,8
82,8,10
82,9,10
82,10,8
82,11,8
82,12,8
82,13,10
82,14,5
82,15,7
82,16,10
82,17,11
82,18,11
82,19,10
82,20,11
82,21,61
82,22,10
82,23,10
82,24,8
82,25,8
82,26,8
82,27,8
82,28,8
82,29,8
82,30,10
84,0,10
84,1,4
84,2,7
84,3,8
84,4,8
84,5,8
84,6,10
84,7,8
84,8,10
84,9,10
84,10,8
84,11,8
84,12,8
84,13,8
84,14,8
84,15,4
84,16,7
84,17,10
84,18,8
84,19,10
84,20,8
84,21,8
84,22,10
84,23,0
84,24,8
84,25,8
84,26,8
84,27,8
84,28,8
84,29,8
84,30,10
85,0,8
85,1,10
85,2,5
85,3,7
85,4,8
85,5,10
85,6,8
85,7,8
85,8,10
85,9,10
85,10,8
85,11,8
85,12,8
85,13,8
85,14,8
85,15,5
85,16,7
85,17,8
85,18,8
85,19,10
85,20,8
85,21,8
85,22,10
85,23,5
85,24,7
85,25,10
85,26,8
85,27,8
85,28,8
85,29,8
85,30,10
86,0,8
86,1,8
86,2,10
86,3,8
86,4,8
86,5,8
86,6,8
86,7,8
86,8,10
86,9,10
86,10,8
86,11,8
86,12,8
86,13,8
86,14,8
86,15,8
86,16,10
86,17,8
86,18,8
86,19,10
86,20,8
86,21,8
86,22,10
86,23,10
86,24,8
86,25,8
86,26,8
86,27,8
86,28,8
86,29,8
86,30,10
87,0,8
87,1,8
87,2,10
87,3,11
87,4,11
87,5,11
87,6,11
87,7,61
87,8,10
87,9,10
87,10,8
87,11,6
87,12,7
87,13,8
87,14,8
87,15,8
87,16,10
87,17,8
87,18,8
87,19,10
87,20,6
87,21,7
87,22,10
87,23,10
87,24,8
87,25,8
87,26,8
87,27,8
87,28,8
87,29,8
87,30,10
89,0,10
89,1,8
89,2,10
89,3,8
89,4,10
89,5,8
89,6,8
89,7,11
89,8,10
89,9,10
89,10,61
89,11,5
89,12,7
89,13,8
89,14,8
89,15,8
89,16,1
89,17,8
89,18,8
89,19,10
89,20,8
89,21,8
89,22,5
89,23,7
89,24,10
89,25,8
89,26,8
89,27,8
89,28,8
89,29,8
89,30,10
90,0,10
90,1,8
90,2,10
90,3,8
90,4,10
90,5,8
90,6,5
90,7,7
90,8,25
90,9,10
90,10,8
90,11,8
90,12,8
90,13,8
90,14,8
90,15,25
90,16,10
90,17,8
90,18,8
90,19,10
90,20,8
90,21,8
90,22,25
90,23,10
90,24,8
90,25,10
90,26,8
90,27,5
90,28,7
90,29,8
90,30,10
91,0,8
91,1,8
91,2,10
91,3,8
91,4,8
91,5,8
91,6,8
91,7,8
91,8,10
91,9,10
91,10,8
91,11,8
91,12,8
91,13,8
91,14,8
91,15,8
91,16,10
91,17,8
91,18,8
91,19,10
91,20,8
91,21,8
91,22,10
91,23,10
91,24,8
91,25,8
91,26,8
91,27,8
91,28,8
91,29,8
91,30,10
92,0,8
92,1,10
92,2,6
92,3,7
92,4,8
92,5,8
92,6,8
92,7,8
92,8,10
92,9,2
92,10,10
92,11,8
92,12,8
92,13,8
92,14,8
92,15,8
92,16,10
92,17,8
92,18,8
92,19,10
92,20,8
92,21,8
92,22,10
92,23,10
92,24,8
92,25,8
92,26,8
92,27,8
92,28,6
92,29,7
92,30,10
93,0,8
93,1,6
93,2,7
93,3,8
93,4,8
93,5,6
93,6,7
93,7,8
93,8,10
93,9,10
93,10,8
93,11,8
93,12,8
93,13,8
93,14,8
93,15,8
93,16,10
93,17,8
93,18,8
93,19,2
93,20,10
93,21,8
93,22,10
93,23,10
93,24,8
93,25,8
93,26,10
93,27,8
93,28,8
93,29,8
93,30,10
94,0,8
94,1,8
94,2,10
94,3,8
94,4,8
94,5,8
94,6,8
94,7,5
94,8,7
94,9,10
94,10,8
94,11,8
94,12,10
94,13,5
94,14,7
94,15,28
94,16,10
94,17,8
94,18,8
94,19,1
94,20,8
94,21,8
94,22,10
94,23,10
94,24,8
94,25,5
94,26,7
94,27,8
94,28,8
94,29,8
94,30,10
95,0,8
95,1,8
95,2,10
95,3,8
95,4,8
95,5,8
95,6,8
95,7,8
95,8,10
95,9,10
95,10,8
95,11,8
95,12,8
95,13,10
95,14,6
95,15,7
95,16,10
95,17,11
95,18,8
95,19,10
95,20,8
95,21,6
95,22,7
95,23,10
95,24,8
95,25,8
95,26,8
95,27,11
95,28,11
95,29,11
95,30,10
95,31,71
96,0,7
96,1,8
96,2,10
96,3,8
96,4,8
96,5,8
96,6,8
96,7,8
96,8,10
96,9,0
96,10,8
96,11,10
96,12,8
96,13,8
96,14,8
96,15,8
96,16,10
96,17,8
96,18,8
96,19,10
96,20,8
96,21,8
96,22,10
96,23,10
96,24,4
96,25,7
96,26,8
96,27,8
96,28,8
96,29,10
96,30,4
96,31,7
97,0,8
97,1,8
97,2,10
97,3,8
97,4,8
97,5,8
97,6,8
97,7,8
97,8,10
97,9,10
97,10,8
97,11,8
97,12,8
97,13,8
97,14,8
97,15,8
97,16,10
97,17,11
97,18,11
97,19,10
97,20,11
97,21,61
97,22,10
97,23,10
97,24,8
97,25,8
97,26,8
97,27,8
97,28,8
97,29,8
97,30,10
98,0,8
98,1,8
98,2,10
98,3,8
98,4,8
98,5,8
98,6,10
98,7,6
98,8,7
98,9,10
98,10,8
98,11,8
98,12,10
98,13,6
98,14,7
98,15,8
98,16,10
98,17,8
98,18,6
98,19,7
98,20,8
98,21,8
98,22,10
98,23,10
98,24,8
98,25,8
98,26,8
98,27,8
98,28,10
98,29,8
98,30,10
98,31,71
900,0,8
900,1,8
900,2,12
900,3,12
900,4,8
900,5,8
900,6,8
900,7,8
900,8,12
900,9,12
900,10,8
900,11,8
900,12,8
900,13,8
900,14,12
900,15,8
900,16,12
900,17,12
900,18,8
900,19,12
900,20,12
900,21,12
900,22,12
900,23,12
900,24,8
900,25,8
900,26,8
900,27,8
900,28,8
900,29,8
900,30,12
901,0,8
901,1,8
901,2,12
901,3,12
901,4,12
901,5,8
901,6,12
901,7,12
901,8,12
901,9,12
901,10,8
901,11,8
901,12,12
901,13,8
901,14,12
901,15,12
901,16,12
901,17,12
901,18,12
901,19,12
901,20,8
901,21,8
901,22,12
901,23,12
901,24,12
901,25,12
901,26,12
901,27,12
901,28,12
901,29,12
901,30,12
902,0,12
902,1,12
902,2,12
902,3,12
902,4,12
902,5,12
902,6,12
902,7,12
902,8,12
902,9,12
902,10,12
902,11,12
902,12,12
902,13,12
902,14,12
902,15,12
902,16,12
902,17,12
902,18,8
902,19,12
902,20,8
902,21,12
902,22,12
902,23,12
902,24,12
902,25,12
902,26,12
902,27,12
902,28,12
902,29,12
902,30,12
902,31,12
903,0,12
903,1,12
903,2,12
903,3,12
903,4,8
903,5,12
903,6,12
903,7,12
903,8,12
903,9,12
903,10,12
903,11,12
903,12,12
903,13,12
903,14,12
903,15,8
903,16,12
903,17,8
903,18,8
903,19,12
903,20,12
903,21,8
903,22,12
903,23,12
903,24,12
903,25,8
903,26,12
903,27,8
903,28,12
903,29,12
903,30,12
903,31,12
904,0,12
904,1,12
904,2,12
904,3,8
904,4,12
904,5,12
904,6,8
904,7,12
904,8,12
904,9,12
904,10,8
904,11,12
904,12,8
904,13,12
904,14,8
904,15,12
904,16,12
904,17,12
904,18,12
904,19,12
904,20,8
904,21,12
904,22,12
904,23,12
904,24,12
904,25,12
904,26,12
904,27,12
904,28,12
904,29,12
904,30,12
904,31,12
905,0,12
905,1,8
905,2,12
905,3,8
905,4,12
905,5,12
905,6,12
905,7,8
905,8,12
905,9,12
905,10,12
905,11,8
905,12,12
905,13,12
905,14,8
905,15,12
905,16,12
905,17,12
905,18,12
905,19,12
905,20,12
905,21,12
905,22,12
905,23,12
905,24,12
905,25,12
905,26,12
905,27,12
905,28,12
905,29,12
905,30,12
906,0,12
906,1,12
906,2,12
906,3,12
906,4,12
906,5,12
906,6,12
906,7,8
906,8,12
906,9,12
906,10,12
906,11,12
906,12,12
906,13,12
906,14,12
906,15,12
906,16,12
906,17,12
906,18,12
906,19,12
906,20,12
906,21,12
906,22,12
906,23,12
906,24,12
906,25,12
906,26,12
906,27,12
906,28,12
906,29,12
906,30,12
906,31,12
907,0,12
907,1,12
907,2,12
907,3,12
907,4,12
907,5,12
907,6,12
907,7,12
907,8,12
907,9,12
907,10,12
907,11,12
907,12,12
907,13,12
907,14,12
907,15,12
907,16,12
907,17,12
907,18,12
907,19,12
907,20,12
907,21,12
907,22,12
907,23,12
907,24,12
907,25,12
907,26,12
907,27,12
907,28,12
907,29,12
907,30,12
908,0,12
908,1,12
908,2,12
908,3,12
908,4,12
908,5,12
908,6,12
908,7,12
908,8,12
908,9,12
908,10,12
908,11,12
908,12,12
908,13,12
908,14,12
908,15,8
908,16,12
908,17,12
908,18,12
908,19,12
908,20,12
908,21,8
908,22,12
908,23,12
908,24,12
908,25,12
908,26,12
908,27,12
908,28,8
908,29,12
908,30,12
908,31,12
909,0,12
909,1,12
909,2,12
909,3,12
909,4,12
909,5,12
909,6,12
909,7,12
909,8,12
909,9,12
909,10,12
909,11,12
909,12,8
909,13,12
909,14,12
909,15,12
909,16,12
909,17,8
909,18,12
909,19,12
909,20,12
909,21,12
909,22,12
909,23,12
909,24,8
909,25,12
909,26,12
909,27,12
909,28,12
909,29,8
909,30,12
